<?xml version="1.0"?>
<opencv_storage>
<camera_matrix type_id="opencv-matrix">
  <rows>3</rows>
  <cols>3</cols>
  <dt>d</dt>
  <data>
    6.0706582796484133e+02 0. 3.0448096779588639e+02 0.
    6.1504303641492891e+02 1.5295426074608548e+02 0. 0. 1.</data></camera_matrix>
<dist_coeffs type_id="opencv-matrix">
  <rows>5</rows>
  <cols>1</cols>
  <dt>d</dt>
  <data>
    1.9781200246698175e-02 3.2382258358919919e-01
    -4.3981921257153590e-02 -3.8304766911113229e-03
    -3.9407785205041418e-01</data></dist_coeffs>
</opencv_storage>
